[gd_scene load_steps=10 format=2]

[ext_resource path="res://proc_generator/room2.gd" type="Script" id=1]
[ext_resource path="res://proc_generator/exit_pos.gd" type="Script" id=2]
[ext_resource path="res://3d/building2.tscn" type="PackedScene" id=3]
[ext_resource path="res://snow_particle.tscn" type="PackedScene" id=4]

[sub_resource type="CubeMesh" id=1]
size = Vector3( 6, 0.3, 16 )

[sub_resource type="CubeMesh" id=2]
size = Vector3( 6, 0.3, 1 )

[sub_resource type="BoxShape" id=3]
extents = Vector3( 3.12181, 4.46316, 7.64462 )

[sub_resource type="BoxShape" id=4]
extents = Vector3( 3.05304, 0.178982, 7.95822 )

[sub_resource type="BoxShape" id=5]
extents = Vector3( 3.01587, 0.189141, 0.531759 )

[node name="proc_gen_room" type="MeshInstance"]
transform = Transform( 1, 0, 0, 0, 0.939693, -0.34202, 0, 0.34202, 0.939693, 0, 0, 0 )
mesh = SubResource( 1 )
material/0 = null
script = ExtResource( 1 )

[node name="MeshInstance" type="MeshInstance" parent="."]
transform = Transform( 1, 0, 0, 0, 0.939693, 0.34202, 0, -0.34202, 0.939693, 0, 0.15874, 8.40298 )
mesh = SubResource( 2 )
material/0 = null

[node name="MeshInstance2" type="MeshInstance" parent="."]
transform = Transform( 1, 0, 0, 0, 0.939693, 0.34202, 0, -0.34202, 0.939693, 0, -0.161543, -8.4243 )
mesh = SubResource( 2 )
material/0 = null

[node name="proc_gen_exit2" type="Position3D" parent="."]
transform = Transform( 1, -5.16436e-08, 2.29312e-07, -2.99004e-08, 0.939693, 0.34202, -2.33146e-07, -0.34202, 0.939693, 4.58707e-07, 0.341508, 8.90799 )
script = ExtResource( 2 )
Room = true
Junction = true

[node name="proc_gen_exit" type="Position3D" parent="."]
transform = Transform( -1, -1.98243e-08, -1.4189e-07, 2.99004e-08, 0.939693, -0.34202, 1.40113e-07, -0.34202, -0.939693, 0, -0.364207, -8.87651 )
script = ExtResource( 2 )
Room = true
Junction = true

[node name="Area" type="Area" parent="."]
visible = false
collision_layer = 4
collision_mask = 4

[node name="CollisionShape" type="CollisionShape" parent="Area"]
transform = Transform( 1, 0, 0, 0, 0.939693, 0.34202, 0, -0.34202, 0.939693, 0, 0, 0 )
shape = SubResource( 3 )

[node name="StaticBody" type="StaticBody" parent="."]
collision_mask = 0

[node name="CollisionShape" type="CollisionShape" parent="StaticBody"]
shape = SubResource( 4 )

[node name="StaticBody2" type="StaticBody" parent="."]

[node name="CollisionShape" type="CollisionShape" parent="StaticBody2"]
transform = Transform( 1, 0, 0, 0, 0.939693, 0.34202, 0, -0.34202, 0.939693, 0, 0.125075, 8.39694 )
shape = SubResource( 5 )

[node name="CollisionShape2" type="CollisionShape" parent="StaticBody2"]
transform = Transform( 1, 0, 0, 0, 0.939693, 0.34202, 0, -0.34202, 0.939693, 0, -0.19689, -8.36566 )
shape = SubResource( 5 )

[node name="building2" parent="." instance=ExtResource( 3 )]
transform = Transform( -1.62921e-07, 0, 1, 0, 1, -3.55271e-15, -1, 0, -1.62921e-07, -6.0887, -0.043072, -4.3211 )

[node name="building3" parent="." instance=ExtResource( 3 )]
transform = Transform( -1.62921e-07, 0, 1, 0, 1, -3.55271e-15, -1, 0, -1.62921e-07, -6.0887, -0.0430716, 4.31073 )

[node name="building4" parent="." instance=ExtResource( 3 )]
transform = Transform( 1.94707e-07, 0, -1, 0, 1, 0, 1, 0, 1.94707e-07, 5.91954, -0.043072, -4.3211 )

[node name="building5" parent="." instance=ExtResource( 3 )]
transform = Transform( 1.94707e-07, 0, -1, 0, 1, 0, 1, 0, 1.94707e-07, 5.91954, -0.0430716, 4.31073 )

[node name="snow_particle" parent="." instance=ExtResource( 4 )]
transform = Transform( 1, 0, 0, 0, 0.939693, 0.34202, 0, -0.34202, 0.939693, 0, 2.23415, -0.813166 )
visibility_aabb = AABB( -2.81254, -6.76404, -8.79272, 5.62508, 13.5281, 17.5855 )

[node name="OmniLight" type="OmniLight" parent="."]
transform = Transform( 1, 0, 0, 0, 1, -5.96046e-08, 0, 5.96046e-08, 1, 0.620536, 4.56119, 0.941664 )
omni_attenuation = 2.37841
[connection signal="area_entered" from="Area" to="." method="_on_Area_area_entered"]
[connection signal="area_exited" from="Area" to="." method="_on_Area_area_exited"]
