[gd_scene load_steps=13 format=2]

[ext_resource path="res://proc_generator/proc_gen_room.gd" type="Script" id=1]
[ext_resource path="res://proc_generator/exit_pos.gd" type="Script" id=2]
[ext_resource path="res://3d/first_building.tscn" type="PackedScene" id=3]
[ext_resource path="res://snow_particle.tscn" type="PackedScene" id=4]
[ext_resource path="res://proc_generator/object_pos.gd" type="Script" id=5]
[ext_resource path="res://3d/building2.tscn" type="PackedScene" id=6]


[sub_resource type="CubeMesh" id=1]
size = Vector3( 12, 0.3, 12 )

[sub_resource type="CubeMesh" id=2]
size = Vector3( 6, 0.3, 6 )

[sub_resource type="BoxShape" id=3]
extents = Vector3( 6.22353, 3.82315, 6.7983 )

[sub_resource type="BoxShape" id=4]
extents = Vector3( 3.49912, 3.65912, 2.99133 )

[sub_resource type="BoxShape" id=5]
extents = Vector3( 6.24275, 0.171864, 6.08482 )

[sub_resource type="BoxShape" id=6]
extents = Vector3( 4.31705, 0.171864, 3.15527 )

[node name="proc_gen_room" type="MeshInstance"]
use_in_baked_light = true
mesh = SubResource( 1 )
material/0 = null
script = ExtResource( 1 )
tag = 2

[node name="MeshInstance" type="MeshInstance" parent="."]
transform = Transform( 0.707107, 0, -0.707107, 0, 1, 0, 0.707107, 0, 0.707107, -6.02135, 0, 5.9958 )
use_in_baked_light = true
mesh = SubResource( 2 )
material/0 = null

[node name="MeshInstance2" type="MeshInstance" parent="."]
transform = Transform( 0.707107, 0, -0.707107, 0, 1, 0, 0.707107, 0, 0.707107, 5.9733, 0, 6.00429 )
use_in_baked_light = true
mesh = SubResource( 2 )
material/0 = null

[node name="MeshInstance3" type="MeshInstance" parent="."]
transform = Transform( 0.707107, 0, -0.707107, 0, 1, 0, 0.707107, 0, 0.707107, 5.998, 0, -5.93966 )
use_in_baked_light = true
mesh = SubResource( 2 )
material/0 = null

[node name="MeshInstance4" type="MeshInstance" parent="."]
transform = Transform( 0.707107, 0, -0.707107, 0, 1, 0, 0.707107, 0, 0.707107, -5.96818, 0, -5.97719 )
use_in_baked_light = true
mesh = SubResource( 2 )
material/0 = null

[node name="proc_gen_exit" type="Position3D" parent="."]
transform = Transform( 0.707107, 0, -0.707107, 0, 1, 0, 0.707107, 0, 0.707107, -8.16158, 0, 8.10768 )
script = ExtResource( 2 )
Corridor = true

[node name="proc_gen_exit2" type="Position3D" parent="."]
transform = Transform( 0.707107, 0, 0.707107, 0, 1, 0, -0.707107, 0, 0.707107, 8.11177, 0, 8.11509 )
script = ExtResource( 2 )
Corridor = true

[node name="proc_gen_exit3" type="Position3D" parent="."]
transform = Transform( -0.707107, 0, 0.707107, 0, 1, 0, -0.707107, 0, -0.707107, 8.08112, 0, -8.08839 )
script = ExtResource( 2 )
Corridor = true

[node name="proc_gen_exit4" type="Position3D" parent="."]
transform = Transform( -0.707107, 0, -0.707107, 0, 1, 0, 0.707107, 0, -0.707107, -8.10355, 0, -8.10664 )
script = ExtResource( 2 )
Corridor = true

[node name="Area" type="Area" parent="."]
collision_layer = 4
collision_mask = 4

[node name="CollisionShape" type="CollisionShape" parent="Area"]
shape = SubResource( 3 )

[node name="CollisionShape2" type="CollisionShape" parent="Area"]
transform = Transform( 0.707107, 0, 0.707107, 0, 1, 0, -0.707107, 0, 0.707107, 5.12341, 0, -5.05948 )
shape = SubResource( 4 )

[node name="CollisionShape3" type="CollisionShape" parent="Area"]
transform = Transform( 0.707107, 0, 0.707107, 0, 1, 0, -0.707107, 0, 0.707107, -5.45603, 0, 5.51996 )
shape = SubResource( 4 )

[node name="CollisionShape4" type="CollisionShape" parent="Area"]
transform = Transform( -0.707107, 0, 0.707107, 0, 1, 0, -0.707107, 0, -0.707107, 5.07481, 0, 5.01228 )
shape = SubResource( 4 )

[node name="CollisionShape5" type="CollisionShape" parent="Area"]
transform = Transform( -0.707107, 0, 0.707107, 0, 1, 0, -0.707107, 0, -0.707107, -5.26352, 0, -5.32604 )
shape = SubResource( 4 )

[node name="first_building" parent="." instance=ExtResource( 3 )]
transform = Transform( 2.26494e-07, 0, 3, 0, 2, 0, -3, 0, 2.26494e-07, -6.16195, 0, -0.348998 )

[node name="first_building2" parent="." instance=ExtResource( 3 )]
transform = Transform( -3, 0, 4.52987e-07, 0, 2, 0, -4.52987e-07, 0, -3, -0.330419, 0, 5.96769 )

[node name="first_building3" parent="." instance=ExtResource( 3 )]
transform = Transform( -4.88762e-07, 0, -3, 0, 2, 0, 3, 0, -4.88762e-07, 6.14231, 0, -0.00522172 )

[node name="first_building4" parent="." instance=ExtResource( 3 )]
transform = Transform( 3, 0, -3.57628e-07, 0, 2, 0, 3.57628e-07, 0, 3, -0.121951, 0, -6.41511 )

[node name="building2" parent="." instance=ExtResource( 6 )]
transform = Transform( 0.353553, 0, -0.707107, 0, 1, 0, 0.353553, 0, 0.707107, -3.27957, 0, -11.2181 )

[node name="building3" parent="." instance=ExtResource( 6 )]
transform = Transform( -0.353553, 0, 0.707107, 0, 1, 0, -0.353553, 0, -0.707107, -11.3275, 0, -3.39616 )

[node name="building4" parent="." instance=ExtResource( 6 )]
transform = Transform( 0.353553, 0, -0.707107, 0, 1, 0, 0.353553, 0, 0.707107, 10.6536, 0, 2.71501 )

[node name="building5" parent="." instance=ExtResource( 6 )]
transform = Transform( -0.353553, 0, 0.707107, 0, 1, 0, -0.353553, 0, -0.707107, 2.70899, 0, 10.6403 )

[node name="building6" parent="." instance=ExtResource( 6 )]
transform = Transform( -0.353553, 0, -0.707107, 0, 1, 0, 0.353553, 0, -0.707107, 11.1757, 0, -3.15554 )

[node name="building7" parent="." instance=ExtResource( 6 )]
transform = Transform( 0.353553, 0, 0.707107, 0, 1, 0, -0.353553, 0, 0.707107, 3.0303, 0, -11.1391 )

[node name="building8" parent="." instance=ExtResource( 6 )]
transform = Transform( -0.353553, 0, -0.707107, 0, 1, 0, 0.353553, 0, -0.707107, -3.36813, 0, 11.3883 )

[node name="building9" parent="." instance=ExtResource( 6 )]
transform = Transform( 0.353553, 0, 0.707107, 0, 1, 0, -0.353553, 0, 0.707107, -10.833, 0, 2.72427 )

[node name="StaticBody" type="StaticBody" parent="."]

[node name="CollisionShape6" type="CollisionShape" parent="StaticBody"]
transform = Transform( 1, 0, 0, 0, 1, 0, 0, 0, 1, 0, 0.0306755, 0 )
shape = SubResource( 5 )

[node name="CollisionShape7" type="CollisionShape" parent="StaticBody"]
transform = Transform( 0.707107, 0, 0.707107, 0, 1, 0, -0.707107, 0, 0.707107, 5.12341, 0, -5.05948 )
shape = SubResource( 6 )

[node name="CollisionShape8" type="CollisionShape" parent="StaticBody"]
transform = Transform( 0.707107, 0, 0.707107, 0, 1, 0, -0.707107, 0, 0.707107, -5.45603, 0, 5.51996 )
shape = SubResource( 6 )

[node name="CollisionShape9" type="CollisionShape" parent="StaticBody"]
transform = Transform( -0.707107, 0, 0.707107, 0, 1, 0, -0.707107, 0, -0.707107, 5.07481, 0, 5.01228 )
shape = SubResource( 6 )

[node name="CollisionShape10" type="CollisionShape" parent="StaticBody"]
transform = Transform( -0.707107, 0, 0.707107, 0, 1, 0, -0.707107, 0, -0.707107, -5.26352, 0, -5.32604 )
shape = SubResource( 6 )

[node name="OmniLight" type="OmniLight" parent="."]
transform = Transform( 1, 0, 0, 0, 1, 0, 0, 0, 1, 0, 5.44642, 0 )
omni_range = 11.6279
omni_attenuation = 4.75683

[node name="object_pos" type="Position3D" parent="."]
transform = Transform( -4.37114e-08, 0, 1, 0, 1, 0, -1, 0, -4.37114e-08, -5.59313, 1.32524, -2.98482 )
script = ExtResource( 5 )

[node name="object_pos2" type="Position3D" parent="."]
transform = Transform( 7.54979e-08, 0, -1, 0, 1, 0, 1, 0, 7.54979e-08, 5.75413, 1.32524, 3.04679 )
script = ExtResource( 5 )

[node name="snow_particle" parent="." instance=ExtResource( 4 )]
visibility_aabb = AABB( -9.9055, -4, -9.9591, 19.81, 10, 19.9182 )
[connection signal="area_entered" from="Area" to="." method="_on_Area_area_entered"]
[connection signal="area_exited" from="Area" to="." method="_on_Area_area_exited"]
